0.18362
0.179652
0.159779
0.172589
0.17298
0.16571
0.171359
0.16879
0.164386
0.167085
0.16623
0.169411
0.174648
0.150133
0.174522
0.164463
0.158343
0.169551
0.069471
0.027774
0.008518
0.004062
0.00231
0.002789
0.001347
0.001417
0.001076
0.001809
0.001869
0.001279
0.003336
0.000786
0.000691
0.001247
0.000412
0.001101
0.000604
0.000559
0.000906
0.001068
0.000444
0.000802
0.000824
0.000394
0.000307
0.000298
0.000505
0.000251
0.001971
0.001691
0.000246
0.001002
0.000714
0.000244
0.000188
0.001342
0.000256
0.000468
0.000169
0.000164
0.00019
0.000272
0.000404
0.000288
0.000488
0.000654
0.000609
0.000328
0.000129
0.000321
0.000137
0.000164
0.000403
0.000288
9.7e-05
6.3e-05
0.00034
0.000685
0.000217
0.000148
0.000209
0.000203
0.000165
0.004453
0.000294
0.000183
0.000133
0.000305
9.5e-05
0.000106
0.000151
0.00018
0.000206
0.000185
0.000263
0.000192
7.3e-05
0.000141
0.000316
0.000119
0.000123
0.000133
7.8e-05
0.000184
0.000105
0.000255
0.000102
5e-05
0.000132
0.000177
0.00012
0.000435
5.6e-05
0.000336
0.000178
9.1e-05
0.00034
0.000116
0.000102
0.000169
0.000398
6.2e-05
0.000169
0.000136
0.000101
6.1e-05
0.000392
0.0003487
0.001423
0.000905
0.001003
0.000858
0.000394
0.000667
0.000502
0.000306
0.000911
0.00023
0.000256
0.000233
0.00024
0.000314
0.000186
0.000339
0.00014
0.000149
0.000112
0.000166
0.000262
0.000923
6.7e-05
7.9e-05
8.4e-05
0.000148
0.000118
0.000392
6.9e-05
0.000222
0.000208
0.000203
4.5e-05
4.7e-05
8e-05
9.3e-05
0.000538
5.8e-05
0.000169
0.000144
0.000165
0.00015
0.000269
9.7e-05
6.4e-05
0.000104
0.00012
0.00013
0.000145
0.000139
0.000147
0.000138
0.000144
5e-05
0.000137
9.2e-05
7.4e-05
0.000139
0.000208
0.000247
0.000157
7.4e-05
0.000128
0.000314
0.000103
0.000116
5.6e-05
0.000164
3.5e-05
7e-05
3.1e-05
0.00011
8.6e-05
0.000281
0.000313
7.2e-05
8.7e-05
0.000183
0.000254
5.3e-05
8.7e-05
0.000157
6.9e-05
3.2e-05
0.00025
0.000493
4.2e-05
5.7e-05
8.7e-05
2.4e-05
7e-05
7.5e-05
0.000106
7.6e-05
2.5e-05
0.000138
0.000914
0.000127
1.8e-05
3.6e-05
2.7e-05
0.000178
7.2e-05
5.5e-05
3.8e-05
5.5e-05
8.7e-05
8.3e-05
4.3e-05
7.4e-05
1.9e-05
0.00011
9.1e-05
9.1e-05
4.8e-05
2.8e-05
5.5e-05
0.000175
3.2e-05
2.1e-05
0.000129
2e-05
6.4e-05
2.8e-05
4.8e-05
5.6e-05
1.9e-05
2.7e-05
5.9e-05
2.1e-05
2.1e-05
3.1e-05
2.8e-05
4.1e-05
3.7e-05
2.3e-05
1.4e-05
7.4e-05
4.2e-05
2.9e-05
6.8e-05
3e-05
5.3e-05
1.7e-05
4.5e-05
1.8e-05
8.3e-05
6.6e-05
1.8e-05
5.7e-05
5.3e-05
2.8e-05
2.6e-05
4.3e-05
7.1e-05
4.1e-05
3e-05
1.9e-05
1.8e-05
0.000233
5.3e-05
2.5e-05
2e-05
0.000279
7.2e-05
4.4e-05
0.000218
2e-05
2.8e-05
1.3e-05
3.5e-05
4.9e-05
