0.162797
0.176116
0.172132
0.166258
0.166226
0.178898
0.167384
0.169841
0.171798
0.176966
0.162852
0.163943
0.163108
0.167172
0.141458
0.216298
0.110139
0.072934
0.041148
0.006378
0.004597
0.003722
0.003814
0.002433
0.00231
0.002784
0.001952
0.001907
0.001523
0.002188
0.001609
0.000982
0.00119
0.001276
0.001525
0.002143
0.001538
0.001745
0.001524
0.001829
0.001166
0.001269
0.000713
0.001413
0.001886
0.00153
0.001278
0.001036
0.000785
0.00093
0.001443
0.000897
0.001169
0.000855
0.000871
0.000448
0.000692
0.00066
0.001676
0.001426
0.002284
0.00123
0.001141
0.000687
0.000848
0.000912
0.001243
0.000757
0.000935
0.000325
0.001617
0.000338
0.001097
0.000652
0.0005
0.000442
0.000688
0.000464
0.00058
0.001014
0.00071
0.000949
0.001141
0.000576
0.000535
0.000367
0.001083
0.000984
0.000537
0.001909
0.000252
0.000501
0.000509
0.000598
0.00052
0.000237
0.000383
0.000186
0.000458
0.000356
0.000354
0.000376
0.000529
0.000103
0.000497
0.000342
0.000355
0.000124
0.000101
0.000398
0.000123
0.001535
0.000836
0.000318
0.000274
0.000296
0.000255
0.000383
0.000195
0.000569
0.000403
0.000444
0.000182
0.000179
0.000139
0.000233
0.000488
6.5e-05
0.0003
0.000223
0.0002
0.000262
0.000456
5.2e-05
8.3e-05
0.000262
6.5e-05
0.000211
6.4e-05
5.2e-05
0.000292
7.6e-05
0.000281
0.000154
0.000133
2.8e-05
0.000358
0.000131
0.000221
0.000142
0.000144
6.2e-05
0.000189
0.000304
4.7e-05
4.8e-05
6.3e-05
6.9e-05
0.000138
0.000112
0.000106
5.2e-05
5.7e-05
0.00012
0.000117
0.000114
0.001279
0.000545
0.000561
0.000305
0.000285
0.000311
0.000231
0.000204
0.000171
0.000227
0.000237
0.000112
0.000142
0.000298
0.000205
0.000183
0.000341
9.7e-05
0.000347
0.000159
0.000127
0.000191
6.6e-05
7.1e-05
0.000187
6.4e-05
4.6e-05
0.000129
4.7e-05
0.000248
5.9e-05
4.6e-05
4.9e-05
5.6e-05
7.6e-05
7.7e-05
5.4e-05
5.9e-05
0.000121
5.4e-05
0.000239
6.2e-05
8.6e-05
0.000194
6.7e-05
3.5e-05
0.000142
0.000167
0.000314
7.4e-05
0.000228
6.6e-05
2.5e-05
7.5e-05
0.0001
0.000422
6.9e-05
4.2e-05
9.5e-05
4.9e-05
0.000117
5e-05
0.000213
2.7e-05
5.9e-05
4.1e-05
2.3e-05
5.1e-05
4.7e-05
6.9e-05
0.000168
3.9e-05
6.3e-05
9.3e-05
8.5e-05
4.2e-05
4.7e-05
3.5e-05
3.9e-05
0.000182
2.3e-05
8.9e-05
1.7e-05
0.00012
0.000191
9e-05
3.2e-05
6.8e-05
8.6e-05
3.8e-05
1.9e-05
0.000233
6.7e-05
5.7e-05
4.5e-05
0.000429
2.7e-05
0.000125
9.1e-05
0.000201
3.2e-05
1.9e-05
7.6e-05
3.1e-05
2.4e-05
2.9e-05
6.4e-05
4.8e-05
2.5e-05
4e-05
3.2e-05
9.3e-05
3.3e-05
7e-05
1.8e-05
0.000272
4.4e-05
3.4e-05
1.8e-05
5.7e-05
4.3e-05
3.8e-05
1.3e-05
2.5e-05
6.6e-05
7.8e-05
6.7e-05
1.4e-05
4.3e-05
2.4e-05
1.1e-05
9.1e-05
6.4e-05
5.3e-05
