0.184464
0.172734
0.167397
0.158198
0.174968
0.166928
0.162601
0.179488
0.182773
0.189232
0.160522
0.174047
0.167791
0.161049
0.164407
0.167748
0.185743
0.11243
0.044137
0.008352
0.005642
0.004351
0.005047
0.004643
0.003322
0.005594
0.003348
0.002566
0.003044
0.002512
0.004349
0.002385
0.002383
0.002472
0.00252
0.001878
0.003868
0.002942
0.002176
0.002232
0.001504
0.001914
0.0021
0.001413
0.001509
0.001557
0.001432
0.001574
0.001125
0.000858
0.000774
0.000649
0.000867
0.00115
0.000606
0.001187
0.000728
0.001148
0.000963
0.000457
0.000964
0.001219
0.000592
0.000489
0.000413
0.000279
0.000579
0.000478
0.001062
0.001166
0.000954
0.000799
0.000388
0.000439
0.000849
0.000374
0.000417
0.00027
0.000395
0.000293
0.000408
0.000588
0.001258
0.000617
0.000475
0.000704
0.000536
0.000224
0.000375
0.000751
0.000412
0.000503
0.000339
0.000285
0.000231
0.00018
0.000752
0.000267
0.000124
0.00042
0.000282
0.001469
0.001043
0.000547
0.000908
0.00032
0.000251
0.000233
0.000321
0.000195
0.000181
0.000238
0.000389
0.00016
0.000163
0.000349
0.000155
0.000216
0.000356
0.000197
0.000205
0.000638
0.000143
0.000278
0.000268
0.000287
0.000191
6.4e-05
0.000211
0.000132
0.000282
0.000104
0.000455
0.000241
0.000151
0.000222
0.00023
0.000449
0.00027
0.000182
0.000257
0.000154
0.00049
0.00054
0.000289
0.000443
0.000341
0.000119
0.000464
0.000208
0.000375
8.1e-05
0.000219
0.000178
0.00047
0.000583
9.8e-05
0.000144
9e-05
0.000146
0.00086
9.9e-05
0.000131
0.000269
0.000618
0.000179
0.000357
0.000119
0.00018
0.000284
5.5e-05
0.000202
0.000106
0.000118
0.000221
7.2e-05
0.000205
9.5e-05
6.7e-05
6.5e-05
0.000295
0.000117
0.000539
0.000628
0.000125
0.000172
0.000146
0.000178
8.9e-05
0.000268
0.000165
7.7e-05
9.5e-05
8.7e-05
8.4e-05
7.4e-05
0.000371
0.00044
0.000159
8.9e-05
4.8e-05
0.000203
9.4e-05
0.000342
0.000115
9.5e-05
7.6e-05
6.7e-05
0.000117
0.000106
4.6e-05
6.1e-05
5.5e-05
0.000111
0.000146
7.9e-05
3.4e-05
9.1e-05
8.5e-05
5.4e-05
0.000312
0.000135
4.8e-05
6.9e-05
0.000138
0.000118
4.8e-05
6.2e-05
0.000199
0.000289
9.3e-05
3.5e-05
4e-05
4.3e-05
0.000228
3.8e-05
0.000537
0.000372
9.1e-05
4.7e-05
0.000158
6.1e-05
0.000219
0.000103
5.2e-05
3.4e-05
0.00039
8.8e-05
4.9e-05
4.4e-05
5.8e-05
3.1e-05
2.3e-05
0.000143
0.000129
3e-05
4.9e-05
3.4e-05
0.000191
0.000266
0.000128
5.8e-05
5.6e-05
4.3e-05
4.3e-05
5.3e-05
3.2e-05
2.2e-05
2.7e-05
2.4e-05
2.8e-05
3.7e-05
2.4e-05
9e-05
0.000128
5.8e-05
5.6e-05
4.3e-05
4.3e-05
5.3e-05
3.2e-05
2.2e-05
2.7e-05
2.4e-05
2.8e-05
3.7e-05
2.4e-05
0.000128
5.8e-05
5.6e-05
4.3e-05
4.3e-05
5.3e-05
3.2e-05
2.2e-05
2.7e-05
2.4e-05
2.8e-05
3.7e-05
2.4e-05
